32,119
611,2110
31,119
611,105
611,104
611,103
611,102
611,101
611,100
611,99
611,98
611,97
611,96
611,95
611,94
611,93
611,92
611,91
611,90
611,89
611,88
611,87
611,86
611,85
611,84
611,83
611,82
611,81
611,80
611,79
611,78
611,77
611,76
611,74
611,73
611,70
611,69
611,68
611,67
611,66
611,65
611,64
611,63
611,62
611,61
611,59
611,58
611,57
611,55
611,54
611,52
611,51
611,49
611,48
611,47
611,46
611,45
611,44
611,43
611,42
611,41
611,40
611,37
611,36
611,35
611,34
611,33
611,32
611,27
611,26
611,25
611,18
611,17
611,16
611,15
611,14
611,13
611,12
611,11
611,10
611,9
611,8
611,7
611,6
611,5
611,3
611,2
611,0
610,4
610,3
610,2
610,0
606,6
606,5
606,4
606,3
606,2
606,0
601,152
601,151
601,150
601,149
601,148
601,147
601,146
601,145
601,144
601,143
601,142
601,141
601,140
601,139
601,138
601,137
601,136
601,135
601,134
601,133
601,131
601,130
601,129
601,128
601,127
601,125
601,122
601,119
601,118
601,117
601,116
601,115
601,113
601,112
601,111
601,110
601,109
601,107
601,106
601,105
601,104
601,101
601,100
601,99
601,97
601,94
601,93
601,91
601,86
601,83
601,82
601,81
601,79
601,78
601,75
601,73
601,72
601,71
601,69
601,67
601,66
601,65
601,34
601,31
601,29
601,28
601,27
601,25
601,24
601,20
601,19
601,18
601,17
601,15
601,13
601,12
601,11
601,7
601,4
601,3
601,2
601,0
599,3
598,3
36,3
35,3
34,3
33,10
33,9
33,8
33,3
33,2
33,0
32,118
32,117
32,116
32,115
32,114
32,113
32,112
32,111
32,110
32,109
32,108
32,107
32,106
32,105
32,104
32,103
32,102
32,101
32,100
32,99
32,98
32,97
32,96
32,95
32,94
32,93
32,3
32,2
32,0
31,118
31,117
31,116
31,115
31,114
31,113
31,112
31,111
31,110
31,109
31,108
31,107
31,106
31,105
31,104
31,103
31,102
31,46
30,15
29,30
7,3
5,3
4,3
611,106
611,107
611,110
611,112
611,115
611,116
611,118
611,120
611,121
611,123
611,124
611,126
611,128
611,129
611,131
611,132
611,134
611,135
611,137
611,139
611,140
611,142
611,143
611,145
611,147
611,148
611,150
611,151
611,153
611,154
611,156
611,158
611,159
611,161
611,162
611,164
611,166
611,167
611,169
611,170
611,172
611,173
611,175
611,177
611,178
611,180
611,181
611,183
611,185
611,186
611,188
611,189
611,191
611,193
611,194
611,196
611,197
611,199
611,200
611,202
611,204
611,205
611,207
611,208
611,212
611,214
611,215
611,217
611,218
611,220
611,221
611,224
611,228
611,229
611,231
611,233
611,235
611,237
611,239
611,241
611,242
611,244
611,245
611,249
611,251
611,252
611,254
611,256
611,258
611,260
611,261
611,263
611,264
611,266
611,268
611,269
611,271
611,272
611,274
611,275
611,277
611,279
611,280
611,282
611,283
611,285
611,288
611,290
611,293
611,295
611,298
611,300
611,303
611,306
611,311
611,313
611,314
611,316
611,318
611,319
611,321
611,322
611,324
611,325
611,327
611,329
611,330
611,332
611,333
611,335
611,337
611,338
611,340
611,341
611,343
611,344
611,346
611,348
611,349
611,351
611,352
611,354
611,356
611,357
611,359
611,360
611,362
611,364
611,365
611,367
611,368
611,370
611,371
611,373
611,375
611,376
611,378
611,379
611,381
611,383
611,384
611,386
611,387
611,389
611,390
611,392
611,395
611,396
611,401
611,402
611,404
611,406
611,409
611,411
611,412
611,414
611,415
611,417
611,419
611,421
611,423
611,424
611,426
611,435
611,436
611,440
611,441
611,448
611,450
611,451
611,453
611,454
611,456
611,457
611,459
611,461
611,462
611,464
611,465
611,467
611,469
611,470
611,472
611,473
611,475
611,476
611,478
611,480
611,481
611,483
611,484
611,486
611,488
611,489
611,491
611,492
611,494
611,495
611,497
611,499
611,500
611,502
611,503
611,505
611,507
611,508
611,510
611,511
611,513
611,514
611,516
611,518
611,519
611,521
611,522
611,524
611,526
611,527
611,529
611,530
611,532
611,534
611,535
611,537
611,538
611,540
611,541
611,543
611,545
611,546
611,548
611,549
611,551
611,553
611,554
611,556
611,557
611,559
611,560
611,562
611,564
611,565
611,567
611,568
611,570
611,572
611,573
611,575
611,576
611,582
611,584
611,591
611,593
611,595
611,602
611,604
611,609
611,613
611,616
611,623
611,624
611,628
611,635
611,639
611,641
611,642
611,644
611,645
611,647
611,649
611,650
611,652
611,653
611,655
611,657
611,658
611,660
611,661
611,663
611,664
611,666
611,668
611,669
611,671
611,672
611,674
611,676
611,677
611,679
611,680
611,682
611,683
611,685
611,687
611,688
611,690
611,691
611,693
611,695
611,696
611,698
611,699
611,701
611,703
611,704
611,706
611,707
611,709
611,710
611,712
611,714
611,715
611,717
611,718
611,720
611,722
611,723
611,725
611,726
611,728
611,729
611,731
611,733
611,734
611,736
611,737
611,739
611,741
611,742
611,744
611,748
611,750
611,751
611,753
611,755
611,756
611,758
611,759
611,761
611,763
611,764
611,766
611,767
611,769
611,770
611,772
611,774
611,775
611,777
611,778
611,780
611,782
611,783
611,785
611,786
611,788
611,790
611,791
611,793
611,794
611,796
611,797
611,799
611,801
611,802
611,804
611,805
611,807
611,809
611,810
611,812
611,813
611,815
611,816
611,818
611,820
611,821
611,823
611,824
611,826
611,828
611,829
611,831
611,832
611,841
611,842
611,845
611,851
611,852
611,856
611,861
611,864
611,871
611,873
611,877
611,878
611,888
611,890
611,893
611,896
611,897
611,899
611,900
611,902
611,904
611,905
611,907
611,908
611,910
611,912
611,913
611,918
611,919
611,921
611,922
611,924
611,926
611,927
611,929
611,930
611,932
611,934
611,935
611,937
611,938
611,940
611,941
611,943
611,945
611,946
611,948
611,949
611,951
611,953
611,955
611,957
611,958
611,965
611,1024
611,1026
611,1028
611,1029
611,1031
611,1032
611,1034
611,1036
611,1037
611,1039
611,1040
611,1042
611,1044
611,1045
611,1047
611,1048
611,1050
611,1051
611,1053
611,1055
611,1056
611,1058
611,1059
611,1061
611,1063
611,1064
611,1066
611,1067
611,1069
611,1070
611,1072
611,1074
611,1075
611,1077
611,1078
611,1080
611,1082
611,1083
611,1085
611,1086
611,1093
611,1097
611,1100
611,1106
611,1107
611,1111
611,1112
611,1119
611,1128
611,1129
611,1137
611,1139
611,1144
611,1150
611,1152
611,1154
611,1155
611,1157
611,1158
611,1160
611,1162
611,1163
611,1165
611,1166
611,1168
611,1170
611,1171
611,1173
611,1174
611,1176
611,1177
611,1179
611,1181
611,1182
611,1184
611,1185
611,1187
611,1189
611,1190
611,1192
611,1193
611,1195
611,1196
611,1198
611,1200
611,1201
611,1203
611,1204
611,1206
611,1208
611,1209
611,1211
611,1212
611,1214
611,1215
611,1217
611,1219
611,1220
611,1222
611,1223
611,1225
611,1227
611,1228
611,1230
611,1231
611,1233
611,1235
611,1236
611,1238
611,1239
611,1241
611,1242
611,1244
611,1246
611,1247
611,1249
611,1250
611,1252
611,1254
611,1255
611,1257
611,1258
611,1260
611,1261
611,1263
611,1265
611,1266
611,1268
611,1269
611,1271
611,1273
611,1274
611,1276
611,1277
611,1279
611,1280
611,1282
611,1285
611,1286
611,1288
611,1289
611,1291
611,1293
611,1294
611,1296
611,1297
611,1299
611,1301
611,1302
611,1304
611,1305
611,1307
611,1308
611,1310
611,1312
611,1313
611,1315
611,1316
611,1318
611,1320
611,1321
611,1323
611,1324
611,1326
611,1327
611,1329
611,1331
611,1332
611,1334
611,1335
611,1337
611,1339
611,1340
611,1342
611,1343
611,1348
611,1350
611,1356
611,1361
611,1363
611,1366
611,1369
611,1376
611,1379
611,1380
611,1382
611,1383
611,1387
611,1390
611,1391
611,1396
611,1397
611,1402
611,1405
611,1409
611,1411
611,1412
611,1414
611,1415
611,1417
611,1419
611,1420
611,1422
611,1423
611,1425
611,1426
611,1428
611,1430
611,1431
611,1433
611,1434
611,1436
611,1438
611,1439
611,1441
611,1442
611,1444
611,1445
611,1447
611,1449
611,1450
611,1452
611,1453
611,1455
611,1457
611,1458
611,1460
611,1461
611,1463
611,1464
611,1466
611,1468
611,1469
611,1471
611,1472
611,1474
611,1476
611,1477
611,1479
611,1480
611,1482
611,1484
611,1485
611,1487
611,1488
611,1490
611,1491
611,1493
611,1495
611,1496
611,1498
611,1499
611,1501
611,1503
611,1504
611,1506
611,1507
611,1509
611,1510
611,1512
611,1514
611,1515
611,1517
611,1518
611,1520
611,1522
611,1523
611,1525
611,1526
611,1528
611,1529
611,1531
611,1533
611,1534
611,1536
611,1537
611,1539
611,1541
611,1542
611,1544
611,1545
611,1547
611,1549
611,1550
611,1552
611,1553
611,1555
611,1556
611,1558
611,1560
611,1561
611,1563
611,1564
611,1566
611,1568
611,1569
611,1571
611,1572
611,1574
611,1575
611,1577
611,1579
611,1580
611,1582
611,1583
611,1585
611,1587
611,1588
611,1590
611,1591
611,1593
611,1594
611,1596
611,1598
611,1599
611,1604
611,1605
611,1611
611,1615
611,1616
611,1623
611,1624
611,1629
611,1630
611,1637
611,1646
611,1648
611,1651
611,1656
611,1662
611,1665
611,1666
611,1668
611,1669
611,1671
611,1673
611,1674
611,1676
611,1677
611,1679
611,1680
611,1682
611,1684
611,1685
611,1687
611,1688
611,1690
611,1692
611,1693
611,1695
611,1697
611,1700
611,1702
611,1705
611,1708
611,1710
611,1713
611,1714
611,1718
611,1721
611,1722
611,1726
611,1727
611,1730
611,1731
611,1734
611,1738
611,1739
611,1742
611,1744
611,1747
611,1749
611,1751
611,1754
611,1756
611,1759
611,1762
611,1764
611,1767
611,1768
611,1772
611,1773
611,1776
611,1779
611,1781
611,1784
611,1786
611,1788
611,1790
611,1791
611,1794
611,1795
611,1797
611,1798
611,1800
611,1802
611,1803
611,1805
611,1806
611,1808
611,1810
611,1811
611,1813
611,1814
611,1816
611,1817
611,1819
611,1821
611,1822
611,1824
611,1825
611,1827
611,1829
611,1830
611,1832
611,1833
611,1835
611,1836
611,1838
611,1840
611,1841
611,1843
611,1844
611,1846
611,1848
611,1849
611,1851
611,1852
611,1854
611,1856
611,1857
611,1859
611,1860
611,1862
611,1863
611,1865
611,1867
611,1868
611,1870
611,1871
611,1873
611,1875
611,1876
611,1878
611,1879
611,1881
611,1882
611,1884
611,1886
611,1887
611,1889
611,1890
611,1892
611,1894
611,1895
611,1897
611,1898
611,1900
611,1901
611,1903
611,1905
611,1906
611,1908
611,1909
611,1911
611,1913
611,1914
611,1916
611,1917
611,1919
611,1921
611,1922
611,1924
611,1925
611,1927
611,1928
611,1930
611,1932
611,1933
611,1935
611,1936
611,1938
611,1940
611,1941
611,1943
611,1944
611,1946
611,1947
611,1949
611,1951
611,1952
611,1954
611,1955
611,1957
611,1959
611,1960
611,1962
611,1963
611,1965
611,1966
611,1968
611,1970
611,1971
611,1973
611,1974
611,1976
611,1978
611,1979
611,1981
611,1982
611,1985
611,1987
611,1988
611,1990
611,1991
611,1993
611,1994
611,1996
611,1998
611,1999
611,2001
611,2002
611,2004
611,2006
611,2007
611,2009
611,2010
611,2012
611,2013
611,2015
611,2017
611,2018
611,2020
611,2021
611,2023
611,2025
611,2026
611,2028
611,2029
611,2031
611,2032
611,2034
611,2036
611,2037
611,2039
611,2040
611,2042
611,2044
611,2045
611,2047
611,2050
611,2052
611,2053
611,2055
611,2057
611,2058
611,2060
611,2061
611,2063
611,2065
611,2066
611,2068
611,2069
611,2071
611,2073
611,2074
611,2076
611,2077
611,2079
611,2080
611,2082
611,2084
611,2085
611,2087
611,2088
611,2090
611,2092
611,2093
611,2095
611,2096
611,2098
611,2099
611,2101
611,2103
611,2104
611,2106
611,2107
611,2109
611,2113
611,2114
611,2116
611,2117
611,2119
611,2120
611,2122
611,2124
611,2125
611,2127
611,2128
611,2130
611,2132
611,2133
611,2135
611,2136
611,2138
611,2140
611,2141
611,2143
611,2144
611,2146
611,2147
611,2149
611,2151
611,2152
611,2154
611,2155
611,2157
611,2159
611,2160
611,2162
611,2163
611,2165
611,2166
611,2168
611,2170
611,2171
611,2173
611,2174
611,2176
611,2178
611,2179
611,2181
611,2182
611,2184
611,2185
611,2187
611,2189
611,2190
611,2192
611,2193
611,2195
611,2197
611,2198
611,2200
611,2201
611,2203
611,2204
611,2206
611,2208
611,2209
611,2240
611,2304
611,2432
611,2560
611,2561
611,2563
611,2564
611,2566
611,2568
611,2569
631,1
631,2
631,4
599,4
611,71
601,8
611,4
611,75
611,1283
611,24
601,85
601,6
1,2
2,2
3,2
601,108
601,102
601,84
601,89
601,32
601,124
601,123
601,10
601,96
601,95
601,88
601,80
601,77
601,76
601,64
601,26
601,22
601,16
601,87
28,3
29,3
31,3
28,16
28,18
29,29
30,4
29,28
31,0
31,2
611,1124
611,580
611,1089
611,1619
611,1385
611,1131
611,855
611,1135
611,880
611,1104
611,1123
611,612
611,1655
611,610
611,883
611,860
611,892
611,1657
611,621
611,1614
611,1375
611,886
611,1351
611,1358
611,834
611,867
611,583
611,619
611,874
611,431
611,837
611,882
611,590
611,835
611,1103
611,1374
611,1368
611,885
611,1372
611,1145
611,397
611,1147
611,1120
611,1622
611,446
611,1645
611,1793
611,1663
611,1659
611,1633
611,1641
611,1626
611,1392
611,1403
611,1399
611,1362
611,1138
611,1386
611,1345
611,1353
611,1146
611,630
611,1122
611,1105
611,1090
611,869
611,1088
611,843
611,632
611,833
611,588
611,1401
611,599
611,432
611,589
611,1094
611,433
611,28
611,1151
611,1344
611,2048
611,2049
611,1658
611,1640
611,1647
611,1639
611,1617
611,1610
611,1612
611,1407
611,1603
611,1404
611,60
611,1388
611,1349
611,1365
611,1602
611,1359
611,1360
611,1352
611,1130
611,29
611,1121
611,226
611,1108
611,1113
611,1117
611,1102
611,868
611,1092
611,895
611,1635
611,848
611,857
611,838
611,847
611,637
611,633
611,625
611,618
611,617
611,606
611,601
611,585
611,577
611,443
611,430
611,393
611,210
611,399
611,255
611,232
611,238
611,223
611,209
611,400
611,56
611,53
611,19
611,20
611,22
611,954
611,962
611,23
611,21
611,31
611,30
611,50
611,227
611,247
611,407
611,408
611,434
611,581
611,438
611,603
611,620
611,638
611,884
611,858
611,872
611,420
611,1095
611,427
611,1125
611,1136
611,1140
611,1149
611,1141
611,1601
611,1373
611,1642
611,1370
611,1607
611,1620
611,1632
611,1634
611,1653
611,1661
611,1652
611,1638
611,246
611,447
611,594
611,444
611,608
611,634
611,840
611,1096
611,1115
611,1134
611,1114
611,1346
611,1394
611,1406
611,1621
611,1631
611,1654
611,1606
611,614
611,1132
611,626
611,1354
611,631
611,439
611,578
611,587
611,636
611,849
611,887
611,1091
611,863
611,891
611,1143
611,1400
611,1378
611,870
611,1627
611,846
611,429
611,596
611,607
611,442
611,1393
611,875
611,1109
611,597
611,1650
611,836
611,1118
611,615
611,853
611,1127
611,600
611,1643
611,881
611,1367
611,1608
611,866
611,859
611,1098
611,1625
611,963
31,4
30,14
29,4
28,4
30,3
601,5
601,21
601,33
601,68
601,70
601,92
601,103
601,120
601,126
601,74
601,98
601,114
601,35
601,132
601,121
601,90
3,0
2,0
1,0
611,38
611,39
611,964
611,72
611,961
631,3
611,2570
611,2567
611,2565
611,2562
611,2496
611,2368
611,2210
611,2207
611,2205
611,2202
611,2199
611,2196
611,2194
611,2191
611,2188
611,2186
611,2183
611,2180
611,2177
611,2175
611,2172
611,2169
611,2167
611,2164
611,2161
611,2158
611,2156
611,2153
611,2150
611,2148
611,2145
611,2142
611,2139
611,2137
611,2134
611,2131
611,2129
611,2126
611,2123
611,2121
611,2118
611,2115
611,2112
611,2108
611,2105
611,2102
611,2100
611,2097
611,2094
611,2091
611,2089
611,2086
611,2083
611,2081
611,2078
611,2075
611,2072
611,2070
611,2067
611,2064
611,2062
611,2059
611,2056
611,2054
611,2051
611,2046
611,2043
611,2041
611,2038
611,2035
611,2033
611,2030
611,2027
611,2024
611,2022
611,2019
611,2016
611,2014
611,2011
611,2008
611,2005
611,2003
611,2000
611,1997
611,1995
611,1992
611,1989
611,1986
611,1983
611,1980
611,1977
611,1975
611,1972
611,1969
611,1967
611,1964
611,1961
611,1958
611,1956
611,1953
611,1950
611,1948
611,1945
611,1942
611,1939
611,1937
611,1934
611,1931
611,1929
611,1926
611,1923
611,1920
611,1918
611,1915
611,1912
611,1910
611,1907
611,1904
611,1902
611,1899
611,1896
611,1893
611,1891
611,1888
611,1885
611,1883
611,1880
611,1877
611,1874
611,1872
611,1869
611,1866
611,1864
611,1861
611,1858
611,1855
611,1853
611,1850
611,1847
611,1845
611,1842
611,1839
611,1837
611,1834
611,1831
611,1828
611,1826
611,1823
611,1820
611,1818
611,1815
611,1812
611,1809
611,1807
611,1804
611,1801
611,1799
611,1796
611,1792
611,1789
611,1787
611,1783
611,1778
611,1775
611,1770
611,1765
611,1760
611,1757
611,1752
611,1748
611,1746
611,1741
611,1736
611,1733
611,1728
611,1724
611,1719
611,1716
611,1711
611,1707
611,1703
611,1699
611,1694
611,1691
611,1689
611,1686
611,1683
611,1681
611,1678
611,1675
611,1672
611,1670
611,1667
611,1664
611,1660
611,1649
611,1644
611,1636
611,1628
611,1618
611,1613
611,1609
611,1600
611,1597
611,1595
611,1592
611,1589
611,1586
611,1584
611,1581
611,1578
611,1576
611,1573
611,1570
611,1567
611,1565
611,1562
611,1559
611,1557
611,1554
611,1551
611,1548
611,1546
611,1543
611,1540
611,1538
611,1535
611,1532
611,1530
611,1527
611,1524
611,1521
611,1519
611,1516
611,1513
611,1511
611,1508
611,1505
611,1502
611,1500
611,1497
611,1494
611,1492
611,1489
611,1486
611,1483
611,1481
611,1478
611,1475
611,1473
611,1470
611,1467
611,1465
611,1462
611,1459
611,1456
611,1454
611,1451
611,1448
611,1446
611,1443
611,1440
611,1437
611,1435
611,1432
611,1429
611,1427
611,1424
611,1421
611,1418
611,1416
611,1413
611,1410
611,1408
611,1398
611,1395
611,1389
611,1384
611,1381
611,1377
611,1371
611,1364
611,1357
611,1355
611,1347
611,1341
611,1338
611,1336
611,1333
611,1330
611,1328
611,1325
611,1322
611,1319
611,1317
611,1314
611,1311
611,1309
611,1306
611,1303
611,1300
611,1298
611,1295
611,1292
611,1290
611,1287
611,1284
611,1281
611,1278
611,1275
611,1272
611,1270
611,1267
611,1264
611,1262
611,1259
611,1256
611,1253
611,1251
611,1248
611,1245
611,1243
611,1240
611,1237
611,1234
611,1232
611,1229
611,1226
611,1224
611,1221
611,1218
611,1216
611,1213
611,1210
611,1207
611,1205
611,1202
611,1199
